0 0.219509
0
-2.89057 2.52642 0 0 
0
-1.37412 -0.109796 1 1.1547 
0.219509 0.339851
0.219509
-0.604024 0.622898 0.691305 0.0911606 
0.219509
1.50246 -1.01469 0.753165 1.35439 
0.339851 0.446789
0.339851
-0.508455 0.404831 0.814983 0.182321 
0.339851
-0.0811317 -0.472266 0.574223 1.43295 
0.446789 0.547386
0.446789
-0.222266 0.241712 0.884123 0.273482 
0.446789
0.253591 -0.498295 0.470433 1.48885 
0.547386 0.644233
0.547386
-0.173937 0.174633 0.926006 0.364642 
0.547386
0.061258 -0.421763 0.377877 1.53139 
0.644233 0.738647
0.644233
-0.125007 0.124097 0.954937 0.455803 
0.644233
0.0546674 -0.403965 0.297908 1.56409 
0.738647 0.831448
0.738647
-0.107873 0.08869 0.975028 0.546963 
0.738647
0.0142288 -0.388481 0.22309 1.58866 
0.831448 0.923228
0.831448
-0.0993803 0.0586581 0.988702 0.638124 
0.831448
-0.00652513 -0.384519 0.151356 1.60603 
0.923228 1.01448
0.923228
-0.0999485 0.0312947 0.996957 0.729285 
0.923228
-0.0266082 -0.386316 0.0806082 1.61668 
1.01448 1.10567
1.01448
-0.107055 0.00393272 1.00017 0.820445 
1.01448
-0.0430495 -0.3936 0.00943812 1.62079 
1.10567 1.1973
1.10567
-0.120762 -0.0253555 0.998218 0.911606 
1.10567
-0.0575131 -0.405378 -0.0634233 1.61835 
1.1973 1.28996
1.1973
-0.141683 -0.0585516 0.99053 1.00277 
1.1973
-0.0694019 -0.421187 -0.139161 1.60909 
1.28996 1.3844
1.28996
-0.170358 -0.0979337 0.976031 1.09393 
1.28996
-0.0767149 -0.440478 -0.218997 1.59253 
1.3844 1.48171
1.3844
-0.209572 -0.1462 0.952975 1.18509 
1.3844
-0.0777174 -0.462213 -0.304249 1.56785 
1.48171 1.58359
1.48171
-0.252746 -0.207383 0.918566 1.27625 
1.48171
-0.0596635 -0.484902 -0.396417 1.53379 
1.58359 1.69296
1.58359
-0.317245 -0.28463 0.868442 1.36741 
1.58359
-0.0326971 -0.503137 -0.497075 1.48831 
1.69296 1.81576
1.69296
-0.314154 -0.38872 0.794799 1.45857 
1.69296
0.0906367 -0.513865 -0.608303 1.42789 
1.81576 1.96802
1.81576
-0.412976 -0.504458 0.685113 1.54973 
1.81576
0.112912 -0.480474 -0.730412 1.3456 
1.96802 2.32609
1.96802
-0.000109533 -0.693092 0.502778 1.64089 
1.96802
0.432057 -0.428899 -0.868869 1.22365 
2.32609 2.71853
2.32609
0.292102 -0.69321 0.00638559 1.73205 
2.32609
0.134171 0.03522 -1.00983 0.877383 
2.71853 2.90539
2.71853
0.130172 -0.349307 -0.402746 1.64545 
2.71853
-0.0576437 0.193185 -0.920197 0.494612 
2.90539 3.06027
2.90539
0.13728 -0.276337 -0.519651 1.55885 
2.90539
0.00259185 0.160872 -0.85404 0.329036 
3.06027 3.19925
3.06027
0.0916849 -0.212551 -0.595371 1.47224 
3.06027
-0.0318092 0.162076 -0.804021 0.200631 
3.19925 3.32844
3.19925
0.0776224 -0.174325 -0.649138 1.38564 
3.19925
-0.0265985 0.148814 -0.760815 0.0919346 
3.32844 3.45093
3.32844
0.062502 -0.144241 -0.690292 1.29904 
3.32844
-0.030649 0.138505 -0.723697 -0.00392693 
3.45093 3.56854
3.45093
0.0533762 -0.121274 -0.722815 1.21244 
3.45093
-0.0312125 0.127243 -0.691145 -0.0905501 
3.56854 3.68246
3.56854
0.0465615 -0.10244 -0.749126 1.12583 
3.56854
-0.0330604 0.11623 -0.66251 -0.170128 
3.68246 3.79352
3.68246
0.0422034 -0.0865273 -0.770654 1.03923 
3.68246
-0.0355112 0.104931 -0.637315 -0.244143 
3.79352 3.90236
3.79352
0.0398337 -0.0724653 -0.788313 0.952628 
3.79352
-0.0393628 0.0930985 -0.615321 -0.313681 
3.90236 4.00946
3.90236
0.0395384 -0.0594595 -0.802671 0.866025 
3.90236
-0.0452098 0.0802464 -0.596455 -0.379597 
4.00946 4.11527
4.00946
0.0417629 -0.0467554 -0.814047 0.779423 
4.00946
-0.0537353 0.06572 -0.580821 -0.442614 
4.11527 4.22017
4.11527
0.0472652 -0.0334994 -0.822538 0.69282 
4.11527
-0.0673616 0.0486639 -0.568719 -0.503395 
4.22017 4.3246
4.22017
0.0588643 -0.0186243 -0.828006 0.606218 
4.22017
-0.0848756 0.0274642 -0.560733 -0.562599 
4.3246 4.42905
4.3246
0.0777202 -0.000183209 -0.82997 0.519615 
4.3246
-0.124386 0.000874224 -0.557774 -0.620952 
4.42905 4.5342
4.42905
0.124444 0.0241701 -0.827464 0.433013 
4.42905
-0.142864 -0.0381015 -0.561662 -0.679343 
4.5342 4.6412
4.5342
0.180397 0.0634289 -0.818253 0.34641 
4.5342
-0.344395 -0.0831713 -0.574415 -0.738993 
4.6412 4.75233
4.6412
0.459323 0.121334 -0.798484 0.259808 
4.6412
-0.0848502 -0.193718 -0.604041 -0.801827 
4.75233 4.8741
4.75233
0.667618 0.27446 -0.754501 0.173205 
4.75233
-1.73571 -0.222005 -0.650238 -0.87146 
4.8741 5.08987
4.8741
3.10906 0.518354 -0.657958 0.0866025 
4.8741
1.08085 -0.856095 -0.781521 -0.957068 
