0 0.590867
0
-1.22901 1.96647 0 0 
0
-0.019637 -0.529301 1 1.1547 
0.590867 1.02854
0.590867
0.237905 -0.21208 1.03661 0.433013 
0.590867
0.200707 -0.564109 0.35394 1.55673 
1.02854 1.47224
1.02854
-0.285831 0.100291 0.987682 0.866025 
1.02854
-0.306293 -0.300579 -0.0245078 1.6204 
1.47224 2.25012
1.47224
-0.220231 -0.28018 0.907865 1.29904 
1.47224
0.317908 -0.708288 -0.472144 1.5236 
2.25012 3.10856
2.25012
0.279518 -0.794119 0.0721915 1.73205 
2.25012
0.0721514 0.0335935 -0.996974 0.877383 
3.10856 3.59121
3.10856
-0.0369797 -0.0742673 -0.673271 1.38564 
3.10856
-0.0962928 0.219408 -0.779787 0.0919346 
3.59121 4.02389
3.59121
0.136154 -0.127812 -0.770804 1.03923 
3.59121
0.00802814 0.0799813 -0.635287 -0.244143 
4.02389 4.44282
4.02389
-0.24181 0.048921 -0.804938 0.69282 
4.02389
-0.220397 0.0904022 -0.561566 -0.503395 
4.44282 4.98395
4.44282
1.32875 -0.254988 -0.891267 0.34641 
4.44282
-0.223347 -0.186594 -0.601864 -0.738993 
