0 0.101028
0
-2.64001 2.41478 0 0 
0
-3.28301 0.0957858 1 1.1547 
0.101028 0.14718
0.101028
-3.06974 1.61463 0.407084 0.0219247 
0.101028
1.23265 -0.899246 0.918828 1.25332 
0.14718 0.185077
0.14718
-2.13392 1.18961 0.536503 0.0438494 
0.14718
-0.294578 -0.728581 0.843702 1.29393 
0.185077 0.218936
0.185077
-1.754 0.946998 0.617476 0.0657741 
0.185077
0.553355 -0.762073 0.787209 1.32484 
0.218936 0.25033
0.218936
-1.3447 0.768832 0.675572 0.0876988 
0.218936
0.38293 -0.705864 0.737506 1.35065 
0.25033 0.280038
0.25033
-1.07921 0.642187 0.719869 0.109623 
0.25033
0.437084 -0.6698 0.694319 1.37312 
0.280038 0.308512
0.280038
-0.870028 0.546002 0.755168 0.131548 
0.280038
0.389368 -0.630845 0.655679 1.39316 
0.308512 0.336035
0.308512
-0.715157 0.471684 0.784145 0.153473 
0.308512
0.358338 -0.597585 0.620702 1.41133 
0.336035 0.362802
0.336035
-0.595441 0.412634 0.808484 0.175398 
0.336035
0.319962 -0.567997 0.588621 1.42797 
0.362802 0.388949
0.362802
-0.502561 0.36482 0.829294 0.197322 
0.362802
0.285385 -0.542304 0.558902 1.44332 
0.388949 0.41458
0.388949
-0.429253 0.325397 0.847342 0.219247 
0.388949
0.253218 -0.519917 0.531127 1.45757 
0.41458 0.439772
0.41458
-0.370768 0.292391 0.863177 0.241172 
0.41458
0.224361 -0.500447 0.504974 1.47085 
0.439772 0.464586
0.439772
-0.323571 0.26437 0.877202 0.263096 
0.439772
0.198524 -0.48349 0.480187 1.48325 
0.464586 0.489071
0.464586
-0.285119 0.240282 0.889725 0.285021 
0.464586
0.175501 -0.468712 0.456559 1.49487 
0.489071 0.513267
0.489071
-0.253517 0.219339 0.900979 0.306946 
0.489071
0.15498 -0.455821 0.433922 1.50578 
0.513267 0.537207
0.513267
-0.227348 0.200937 0.911147 0.32887 
0.513267
0.136662 -0.444571 0.412136 1.51601 
0.537207 0.560918
0.537207
-0.205537 0.184609 0.920377 0.350795 
0.537207
0.120267 -0.434756 0.391086 1.52562 
0.560918 0.584426
0.560918
-0.187258 0.169988 0.928785 0.37272 
0.560918
0.105543 -0.426201 0.370671 1.53465 
0.584426 0.607749
0.584426
-0.171871 0.156782 0.936467 0.394644 
0.584426
0.0922689 -0.418758 0.350808 1.54313 
0.607749 0.630906
0.607749
-0.158873 0.144757 0.9435 0.416569 
0.607749
0.0802525 -0.412302 0.331425 1.55109 
0.630906 0.653914
0.630906
-0.147869 0.133719 0.949949 0.438494 
0.630906
0.0693274 -0.406726 0.312458 1.55854 
0.653914 0.676785
0.653914
-0.138543 0.123513 0.955867 0.460419 
0.653914
0.0593502 -0.401941 0.293853 1.56552 
0.676785 0.699532
0.676785
-0.130641 0.114007 0.961299 0.482343 
0.676785
0.0501975 -0.397869 0.275561 1.57203 
0.699532 0.722168
0.699532
-0.12396 0.105092 0.966283 0.504268 
0.699532
0.0417632 -0.394443 0.257537 1.57809 
0.722168 0.744702
0.722168
-0.118335 0.0966741 0.97085 0.526193 
0.722168
0.0339559 -0.391607 0.239745 1.58372 
0.744702 0.767143
0.744702
-0.113629 0.0886745 0.975027 0.548117 
0.744702
0.0266968 -0.389312 0.222148 1.58892 
0.767143 0.789502
0.767143
-0.109733 0.0810244 0.978835 0.570042 
0.767143
0.0199177 -0.387515 0.204714 1.59371 
0.789502 0.811786
0.789502
-0.106556 0.073664 0.982294 0.591967 
0.789502
0.0135599 -0.386179 0.187416 1.5981 
0.811786 0.834003
0.811786
-0.104025 0.0665405 0.985418 0.613891 
0.811786
0.00757252 -0.385272 0.170225 1.60208 
0.834003 0.85616
0.834003
-0.102077 0.0596072 0.988221 0.635816 
0.834003
0.0019116 -0.384767 0.153117 1.60567 
0.85616 0.878266
0.85616
-0.100663 0.0528219 0.990712 0.657741 
0.85616
-0.00346088 -0.38464 0.136069 1.60888 
0.878266 0.900326
0.878266
-0.0997439 0.0461463 0.9929 0.679666 
0.878266
-0.0085777 -0.38487 0.119058 1.6117 
0.900326 0.922347
0.900326
-0.0992855 0.0395453 0.99479 0.70159 
0.900326
-0.013467 -0.385437 0.102066 1.61414 
0.922347 0.944336
0.922347
-0.0992622 0.0329861 0.996387 0.723515 
0.922347
-0.0181529 -0.386327 0.0850702 1.6162 
0.944336 0.9663
0.944336
-0.0996537 0.026438 0.997694 0.74544 
0.944336
-0.0226558 -0.387525 0.0680538 1.61788 
0.9663 0.988244
0.9663
-0.100445 0.0198717 0.998711 0.767364 
0.9663
-0.0269925 -0.389017 0.0509981 1.61919 
0.988244 1.01018
0.988244
-0.101624 0.0132591 0.999438 0.789289 
0.988244
-0.0311769 -0.390794 0.0338856 1.62012 
1.01018 1.0321
1.01018
-0.103185 0.0065727 0.999873 0.811214 
1.01018
-0.0352197 -0.392846 0.016699 1.62067 
1.0321 1.05403
1.0321
-0.105123 -0.000214407 1.00001 0.833138 
1.0321
-0.0391289 -0.395162 -0.000578406 1.62085 
1.05403 1.07596
1.05403
-0.107438 -0.00712907 0.999851 0.855063 
1.05403
-0.0429096 -0.397736 -0.0179632 1.62065 
1.07596 1.09791
1.07596
-0.110132 -0.0141982 0.999384 0.876988 
1.07596
-0.0465639 -0.400559 -0.0354718 1.62006 
1.09791 1.11987
1.09791
-0.113209 -0.0214492 0.998601 0.898912 
1.09791
-0.0500912 -0.403625 -0.0531207 1.61909 
1.11987 1.14187
1.11987
-0.116676 -0.0289097 0.997495 0.920837 
1.11987
-0.0534876 -0.406926 -0.070926 1.61773 
1.14187 1.1639
1.14187
-0.120543 -0.0366086 0.996054 0.942762 
1.14187
-0.0567461 -0.410456 -0.0889043 1.61597 
1.1639 1.18597
1.1639
-0.124819 -0.0445755 0.994265 0.964687 
1.1639
-0.0598563 -0.414206 -0.107072 1.61381 
1.18597 1.2081
1.18597
-0.129517 -0.0528414 0.992115 0.986611 
1.18597
-0.0628036 -0.41817 -0.125446 1.61125 
1.2081 1.23029
1.2081
-0.134652 -0.0614387 0.989586 1.00854 
1.2081
-0.0655697 -0.422339 -0.144044 1.60827 
1.23029 1.25254
1.23029
-0.140237 -0.0704014 0.986661 1.03046 
1.23029
-0.0681312 -0.426703 -0.162882 1.60486 
1.25254 1.27488
1.25254
-0.146288 -0.0797656 0.983319 1.05239 
1.25254
-0.0704597 -0.431253 -0.181978 1.60102 
1.27488 1.29731
1.27488
-0.152821 -0.0895692 0.979536 1.07431 
1.27488
-0.0725207 -0.435975 -0.201351 1.59674 
1.29731 1.31985
1.29731
-0.159852 -0.0998528 0.975287 1.09623 
1.29731
-0.0742734 -0.440855 -0.221019 1.59201 
1.31985 1.3425
1.31985
-0.167396 -0.110659 0.970543 1.11816 
1.31985
-0.0756691 -0.445876 -0.241 1.5868 
1.3425 1.36528
1.3425
-0.175465 -0.122034 0.965273 1.14008 
1.3425
-0.0766508 -0.451018 -0.261316 1.58111 
1.36528 1.38821
1.36528
-0.18407 -0.134026 0.959439 1.16201 
1.36528
-0.0771521 -0.456256 -0.281985 1.57492 
1.38821 1.4113
1.38821
-0.193216 -0.146687 0.953003 1.18393 
1.38821
-0.0770953 -0.461563 -0.303028 1.56822 
1.4113 1.43457
1.4113
-0.202904 -0.160071 0.94592 1.20586 
1.4113
-0.0763909 -0.466903 -0.324466 1.56097 
1.43457 1.45805
1.43457
-0.213125 -0.174237 0.93814 1.22778 
1.43457
-0.0749354 -0.472237 -0.346322 1.55317 
1.45805 1.48175
1.45805
-0.223861 -0.189247 0.929607 1.24971 
1.45805
-0.0726104 -0.477514 -0.368619 1.54478 
1.48175 1.5057
1.48175
-0.235078 -0.205165 0.920259 1.27163 
1.48175
-0.0692801 -0.482677 -0.391377 1.53577 
1.5057 1.52994
1.5057
-0.246725 -0.22206 0.910024 1.29356 
1.5057
-0.0647905 -0.487656 -0.414623 1.52612 
1.52994 1.5545
1.52994
-0.258724 -0.240001 0.898824 1.31548 
1.52994
-0.0589672 -0.492368 -0.438378 1.51578 
1.5545 1.57942
1.5545
-0.27097 -0.259063 0.886568 1.33741 
1.5545
-0.0516146 -0.496712 -0.462668 1.50472 
1.57942 1.60474
1.57942
-0.283315 -0.279317 0.873153 1.35933 
1.57942
-0.042515 -0.50057 -0.487516 1.49288 
1.60474 1.63052
1.60474
-0.295564 -0.300838 0.858464 1.38126 
1.60474
-0.0314288 -0.5038 -0.512947 1.48021 
1.63052 1.65682
1.63052
-0.307456 -0.323695 0.842365 1.40318 
1.63052
-0.0180958 -0.50623 -0.538984 1.46666 
1.65682 1.68371
1.65682
-0.318656 -0.347953 0.8247 1.42511 
1.65682
-0.00223965 -0.507658 -0.565649 1.45213 
1.68371 1.7113
1.68371
-0.328726 -0.373667 0.80529 1.44703 
1.68371
0.016426 -0.507839 -0.592964 1.43655 
1.7113 1.73969
1.7113
-0.337111 -0.400873 0.783923 1.46895 
1.7113
0.0381839 -0.506479 -0.620946 1.4198 
1.73969 1.76902
1.73969
-0.343102 -0.429585 0.760346 1.49088 
1.73969
0.0632986 -0.503227 -0.649612 1.40177 
1.76902 1.79948
1.76902
-0.345815 -0.459777 0.734259 1.5128 
1.76902
0.0919687 -0.497657 -0.67897 1.38228 
1.79948 1.83128
1.79948
-0.344121 -0.491371 0.705293 1.53473 
1.79948
0.124345 -0.489255 -0.709025 1.36114 
1.83128 1.86475
1.83128
-0.336712 -0.524207 0.672991 1.55665 
1.83128
0.160236 -0.47739 -0.739771 1.3381 
1.86475 1.90032
1.86475
-0.321651 -0.558015 0.636769 1.57858 
1.86475
0.199781 -0.461301 -0.771188 1.31281 
1.90032 1.9386
1.90032
-0.297685 -0.592331 0.595861 1.6005 
1.90032
0.240624 -0.439987 -0.80324 1.28481 
1.9386 1.98056
1.9386
-0.259593 -0.626517 0.549204 1.62243 
1.9386
0.286557 -0.412354 -0.835867 1.25343 
1.98056 2.02785
1.98056
-0.213022 -0.659198 0.495249 1.64435 
1.98056
0.317955 -0.376278 -0.868962 1.21765 
2.02785 2.0837
2.02785
-0.127454 -0.689421 0.431469 1.66628 
2.02785
0.381955 -0.331167 -0.902419 1.17575 
2.0837 2.15651
2.0837
-0.0728994 -0.710776 0.353269 1.6882 
2.0837
0.321761 -0.267171 -0.935836 1.12438 
2.15651 2.33543
2.15651
0.123393 -0.726699 0.24861 1.71013 
2.15651
0.38695 -0.196892 -0.969623 1.05496 
2.33543 2.52418
2.33543
0.267791 -0.660466 0.000416583 1.73205 
2.33543
0.209883 0.0108093 -1.00292 0.877383 
2.52418 2.60717
2.52418
0.235563 -0.50883 -0.220287 1.7104 
2.52418
0.040176 0.129655 -0.976405 0.689879 
2.60717 2.67307
2.60717
0.229095 -0.450184 -0.299873 1.68875 
2.60717
0.0836909 0.139657 -0.954055 0.609766 
2.67307 2.73024
2.67307
0.20668 -0.404893 -0.356222 1.6671 
2.67307
0.0324646 0.156203 -0.934558 0.547525 
2.73024 2.7819
2.73024
0.191292 -0.369444 -0.400492 1.64545 
2.73024
0.0249494 0.161771 -0.916379 0.494612 
2.7819 2.8297
2.7819
0.175725 -0.339795 -0.437134 1.6238 
2.7819
0.0100438 0.165638 -0.899464 0.447703 
2.8297 2.8746
2.8297
0.162281 -0.314598 -0.468411 1.60215 
2.8297
0.00181412 0.167078 -0.883561 0.405091 
2.8746 2.91723
2.8746
0.150102 -0.292739 -0.49568 1.5805 
2.8746
-0.00531862 0.167322 -0.868547 0.365758 
2.91723 2.95802
2.91723
0.139243 -0.273543 -0.51982 1.55885 
2.91723
-0.010551 0.166642 -0.854311 0.329036 
2.95802 2.99729
2.95802
0.129491 -0.256503 -0.541442 1.5372 
2.95802
-0.0146923 0.165351 -0.840768 0.294463 
2.99729 3.03527
2.99729
0.120729 -0.241247 -0.560989 1.51554 
2.99729
-0.0179143 0.16362 -0.827849 0.261699 
3.03527 3.07216
3.03527
0.112832 -0.22749 -0.578794 1.49389 
3.03527
-0.0204597 0.161579 -0.815496 0.230489 
3.07216 3.10808
3.07216
0.1057 -0.215005 -0.595114 1.47224 
3.07216
-0.0224748 0.159315 -0.803661 0.200631 
3.10808 3.14316
3.10808
0.0992423 -0.203614 -0.610152 1.45059 
3.10808
-0.0240799 0.156893 -0.792302 0.171966 
3.14316 3.17749
3.14316
0.0933822 -0.19317 -0.624071 1.42894 
3.14316
-0.0253644 0.154359 -0.781383 0.144363 
3.17749 3.21116
3.17749
0.0880536 -0.183551 -0.637006 1.40729 
3.17749
-0.0263987 0.151746 -0.770873 0.117716 
3.21116 3.24423
3.21116
0.0831989 -0.174658 -0.649065 1.38564 
3.21116
-0.0272379 0.14908 -0.760745 0.0919346 
3.24423 3.27675
3.24423
0.0787688 -0.166404 -0.660343 1.36399 
3.24423
-0.0279258 0.146378 -0.750976 0.066941 
3.27675 3.30878
3.27675
0.0747199 -0.158719 -0.670918 1.34234 
3.27675
-0.0284977 0.143653 -0.741542 0.0426698 
3.30878 3.34036
3.30878
0.0710151 -0.151539 -0.680856 1.32069 
3.30878
-0.0289821 0.140915 -0.732427 0.0190638 
3.34036 3.37153
3.34036
0.0676215 -0.144811 -0.690215 1.29904 
3.34036
-0.0294025 0.138169 -0.723614 -0.00392693 
3.37153 3.40232
3.37153
0.0645109 -0.138488 -0.699044 1.27739 
3.37153
-0.0297784 0.13542 -0.715087 -0.0263466 
3.40232 3.43275
3.40232
0.0616585 -0.13253 -0.707388 1.25574 
3.40232
-0.0301263 0.132669 -0.706833 -0.0482343 
3.43275 3.46286
3.43275
0.0590424 -0.1269 -0.715284 1.23409 
3.43275
-0.0304599 0.129918 -0.698841 -0.0696249 
3.46286 3.49267
3.46286
0.0566438 -0.121567 -0.722765 1.21244 
3.46286
-0.0307915 0.127167 -0.691101 -0.0905501 
3.49267 3.5222
3.49267
0.0544461 -0.116501 -0.729861 1.19078 
3.49267
-0.0311314 0.124414 -0.683601 -0.111038 
3.5222 3.55146
3.5222
0.0524349 -0.111678 -0.736599 1.16913 
3.5222
-0.0314893 0.121656 -0.676336 -0.131115 
3.55146 3.58048
3.55146
0.0505977 -0.107075 -0.743 1.14748 
3.55146
-0.0318735 0.118891 -0.669296 -0.150804 
3.58048 3.60927
3.58048
0.0489237 -0.10267 -0.749087 1.12583 
3.58048
-0.0322922 0.116116 -0.662476 -0.170128 
3.60927 3.63785
3.60927
0.0474036 -0.0984443 -0.754877 1.10418 
3.60927
-0.0327528 0.113327 -0.655871 -0.189106 
3.63785 3.66622
3.63785
0.0460297 -0.0943805 -0.760388 1.08253 
3.63785
-0.0332627 0.11052 -0.649474 -0.207756 
3.66622 3.69441
3.66622
0.0447954 -0.0904623 -0.765632 1.06088 
3.66622
-0.0338291 0.107688 -0.643282 -0.226096 
3.69441 3.72242
3.69441
0.0436954 -0.0866746 -0.770625 1.03923 
3.69441
-0.0344594 0.104828 -0.637293 -0.244143 
3.72242 3.75026
3.72242
0.0427258 -0.0830031 -0.775377 1.01758 
3.72242
-0.035161 0.101932 -0.631502 -0.26191 
3.75026 3.77794
3.75026
0.0418836 -0.0794345 -0.7799 0.995929 
3.75026
-0.0359417 0.0989954 -0.625908 -0.279414 
3.77794 3.80548
3.77794
0.0411671 -0.075956 -0.784202 0.974279 
3.77794
-0.0368098 0.0960104 -0.620509 -0.296666 
3.80548 3.83287
3.80548
0.0405756 -0.0725553 -0.788291 0.952628 
3.80548
-0.0377741 0.0929696 -0.615305 -0.313681 
3.83287 3.86014
3.83287
0.0401098 -0.0692203 -0.792175 0.930977 
3.83287
-0.0388441 0.0898649 -0.610296 -0.330469 
3.86014 3.88729
3.86014
0.0397715 -0.0659393 -0.795861 0.909327 
3.86014
-0.0400303 0.0866874 -0.605482 -0.347044 
3.88729 3.91431
3.88729
0.0395637 -0.0627006 -0.799353 0.887676 
3.88729
-0.041344 0.0834277 -0.600865 -0.363416 
3.91431 3.94123
3.91431
0.0394912 -0.0594925 -0.802655 0.866025 
3.91431
-0.0427978 0.0800753 -0.596445 -0.379597 
3.94123 3.96806
3.94123
0.0395599 -0.0563031 -0.805773 0.844375 
3.94123
-0.0444058 0.0766188 -0.592227 -0.395596 
3.96806 3.99478
3.96806
0.0397778 -0.0531201 -0.808707 0.822724 
3.96806
-0.0461836 0.0730459 -0.588213 -0.411426 
3.99478 4.02142
3.99478
0.0401547 -0.0499308 -0.811461 0.801073 
3.99478
-0.0481487 0.069343 -0.584407 -0.427095 
4.02142 4.04798
4.02142
0.0407026 -0.0467219 -0.814036 0.779423 
4.02142
-0.0503208 0.0654952 -0.580816 -0.442614 
4.04798 4.07446
4.04798
0.0414362 -0.043479 -0.816432 0.757772 
4.04798
-0.0527222 0.061486 -0.577443 -0.457994 
4.07446 4.10087
4.07446
0.0423731 -0.0401871 -0.818647 0.736122 
4.07446
-0.0553779 0.0572974 -0.574298 -0.473244 
4.10087 4.12722
4.10087
0.0435345 -0.0368294 -0.820682 0.714471 
4.10087
-0.0583167 0.0529093 -0.571387 -0.488374 
4.12722 4.15352
4.12722
0.0449457 -0.0333879 -0.822532 0.69282 
4.12722
-0.061571 0.0482991 -0.56872 -0.503395 
4.15352 4.17976
4.15352
0.046637 -0.0298423 -0.824195 0.67117 
4.15352
-0.0651783 0.0434421 -0.566307 -0.518317 
4.17976 4.20596
4.17976
0.0486447 -0.0261704 -0.825665 0.649519 
4.17976
-0.0691812 0.0383103 -0.564162 -0.533151 
4.20596 4.23213
4.20596
0.0510121 -0.0223467 -0.826936 0.627868 
4.20596
-0.0736288 0.0328724 -0.562297 -0.547908 
4.23213 4.25826
4.23213
0.0537914 -0.0183426 -0.828 0.606218 
4.23213
-0.0785779 0.0270931 -0.560728 -0.562599 
4.25826 4.28437
4.25826
0.0570454 -0.0141252 -0.828849 0.584567 
4.25826
-0.0840942 0.0209324 -0.559473 -0.577236 
4.28437 4.31047
4.28437
0.0608499 -0.00965671 -0.82947 0.562917 
4.28437
-0.0902538 0.014345 -0.558552 -0.591831 
4.31047 4.33656
4.31047
0.0652972 -0.00489305 -0.82985 0.541266 
4.31047
-0.0971456 0.00727946 -0.557987 -0.606399 
4.33656 4.36264
4.33656
0.0704998 0.000217223 -0.829972 0.519615 
4.33656
-0.104873 -0.000323308 -0.557806 -0.620952 
4.36264 4.38874
4.36264
0.0765957 0.00573476 -0.829816 0.497965 
4.36264
-0.113559 -0.00853102 -0.558037 -0.635506 
4.38874 4.41486
4.38874
0.0837552 0.0117316 -0.82936 0.476314 
4.38874
-0.123346 -0.0174217 -0.558714 -0.650077 
4.41486 4.441
4.41486
0.0921899 0.0182938 -0.828576 0.454663 
4.41486
-0.134402 -0.0270859 -0.559876 -0.664683 
4.441 4.46719
4.441
0.102164 0.0255253 -0.827431 0.433013 
4.441
-0.146929 -0.0376285 -0.561569 -0.679343 
4.46719 4.49344
4.46719
0.114012 0.0335522 -0.825883 0.411362 
4.46719
-0.161164 -0.0491725 -0.563842 -0.694078 
4.49344 4.51976
4.49344
0.128157 0.0425291 -0.823887 0.389711 
4.49344
-0.17739 -0.0618621 -0.566756 -0.708913 
4.51976 4.54616
4.51976
0.145143 0.0526474 -0.821382 0.368061 
4.51976
-0.195941 -0.0758673 -0.570381 -0.723875 
4.54616 4.57268
4.54616
0.165672 0.0641456 -0.818298 0.34641 
4.54616
-0.217219 -0.0913898 -0.574797 -0.738993 
4.57268 4.59933
4.57268
0.190664 0.077325 -0.814546 0.32476 
4.57268
-0.241696 -0.10867 -0.580102 -0.754304 
4.59933 4.62615
4.59933
0.221334 0.0925697 -0.810018 0.303109 
4.59933
-0.269933 -0.127995 -0.58641 -0.769846 
4.62615 4.65316
4.62615
0.259306 0.110376 -0.804576 0.281458 
4.62615
-0.302575 -0.14971 -0.593857 -0.785669 
4.65316 4.68042
4.65316
0.306781 0.131392 -0.798044 0.259808 
4.65316
-0.340369 -0.174233 -0.602608 -0.801827 
4.68042 4.70798
4.68042
0.366767 0.15648 -0.790197 0.238157 
4.68042
-0.384061 -0.202068 -0.612866 -0.818391 
4.70798 4.73591
4.70798
0.443493 0.186803 -0.780737 0.216506 
4.70798
-0.434581 -0.233822 -0.624879 -0.835442 
4.73591 4.76431
4.73591
0.542744 0.223964 -0.769264 0.194856 
4.73591
-0.491848 -0.270235 -0.638957 -0.853087 
4.76431 4.7933
4.76431
0.673417 0.270198 -0.755232 0.173205 
4.76431
-0.557912 -0.312134 -0.655494 -0.87146 
4.7933 4.82307
4.7933
0.846028 0.328765 -0.737868 0.151554 
4.7933
-0.622876 -0.360656 -0.674998 -0.890738 
4.82307 4.85388
4.82307
1.08404 0.404317 -0.716046 0.129904 
4.82307
-0.709407 -0.416279 -0.698125 -0.911167 
4.85388 4.88618
4.85388
1.39163 0.504537 -0.688038 0.108253 
4.85388
-0.701507 -0.481865 -0.725803 -0.933097 
4.88618 4.92073
4.88618
1.87307 0.639388 -0.651089 0.0866025 
4.88618
-0.909448 -0.549842 -0.759128 -0.957068 
4.92073 4.95906
4.92073
2.32103 0.833494 -0.600211 0.0649519 
4.92073
-0.090898 -0.644088 -0.80037 -0.983984 
4.95906 5.00534
4.95906
3.42502 1.10039 -0.526086 0.0433013 
4.95906
-1.57967 -0.65454 -0.850146 -1.01561 
5.00534 5.10588
5.00534
2.8138 1.57591 -0.402228 0.0216506 
5.00534
3.18532 -0.873858 -0.92088 -1.05652 
